Test Metrics:
MSE: 3.204606
PSNR: 32.258114
NRMSE: 0.010068
